0 0 0
6
0 0 25
0
0 0 50
0
0 0 75
0
0 0 100
19
0 0 125
2
0 0 150
0
0 0 175
16
0 0 200
19
0 0 225
17
0 25 0
0
0 25 25
0
0 25 50
0
0 25 75
44
0 25 100
0
0 25 125
0
0 25 150
18
0 25 175
39
0 25 200
19
0 25 225
0
0 50 0
0
0 50 25
13
0 50 50
1
0 50 75
0
0 50 100
0
0 50 125
18
0 50 150
22
0 50 175
0
0 50 200
13
0 50 225
14
0 75 0
21
0 75 25
0
0 75 50
0
0 75 75
0
0 75 100
40
0 75 125
5
0 75 150
0
0 75 175
17
0 75 200
38
0 75 225
19
0 100 0
0
0 100 25
0
0 100 50
38
0 100 75
2
0 100 100
0
0 100 125
0
0 100 150
38
0 100 175
20
0 100 200
0
0 100 225
37
0 125 0
19
0 125 25
0
0 125 50
0
0 125 75
16
0 125 100
38
0 125 125
0
0 125 150
0
0 125 175
39
0 125 200
38
0 125 225
1
0 150 0
0
0 150 25
17
0 150 50
20
0 150 75
0
0 150 100
15
0 150 125
39
0 150 150
22
0 150 175
0
0 150 200
38
0 150 225
38
0 175 0
1
0 175 25
0
0 175 50
20
0 175 75
39
0 175 100
0
0 175 125
10
0 175 150
38
0 175 175
36
0 175 200
0
0 175 225
36
0 200 0
20
0 200 25
19
0 200 50
0
0 200 75
19
0 200 100
40
0 200 125
23
0 200 150
19
0 200 175
37
0 200 200
38
0 200 225
0
0 225 0
20
0 225 25
36
0 225 50
21
0 225 75
0
0 225 100
20
0 225 125
38
0 225 150
21
0 225 175
16
0 225 200
38
0 225 225
37
25 0 0
0
25 0 25
0
25 0 50
0
25 0 75
43
25 0 100
0
25 0 125
0
25 0 150
17
25 0 175
66
25 0 200
17
25 0 225
3
25 25 0
0
25 25 25
75
25 25 50
0
25 25 75
0
25 25 100
0
25 25 125
85
25 25 150
2
25 25 175
0
25 25 200
17
25 25 225
21
25 50 0
0
25 50 25
0
25 50 50
0
25 50 75
51
25 50 100
0
25 50 125
0
25 50 150
16
25 50 175
20
25 50 200
0
25 50 225
18
25 75 0
12
25 75 25
0
25 75 50
0
25 75 75
0
25 75 100
33
25 75 125
23
25 75 150
0
25 75 175
17
25 75 200
55
25 75 225
18
25 100 0
0
25 100 25
18
25 100 50
23
25 100 75
0
25 100 100
0
25 100 125
74
25 100 150
6
25 100 175
0
25 100 200
39
25 100 225
42
25 125 0
0
25 125 25
0
25 125 50
73
25 125 75
4
25 125 100
0
25 125 125
37
25 125 150
39
25 125 175
0
25 125 200
14
25 125 225
79
25 150 0
7
25 150 25
0
25 150 50
19
25 150 75
41
25 150 100
0
25 150 125
0
25 150 150
72
25 150 175
29
25 150 200
0
25 150 225
38
25 175 0
19
25 175 25
0
25 175 50
17
25 175 75
75
25 175 100
19
25 175 125
0
25 175 150
38
25 175 175
39
25 175 200
0
25 175 225
38
25 200 0
31
25 200 25
20
25 200 50
16
25 200 75
36
25 200 100
22
25 200 125
0
25 200 150
38
25 200 175
38
25 200 200
2
25 200 225
37
25 225 0
58
25 225 25
19
25 225 50
0
25 225 75
18
25 225 100
40
25 225 125
25
25 225 150
37
25 225 175
51
25 225 200
41
25 225 225
36
50 0 0
0
50 0 25
29
50 0 50
0
50 0 75
0
50 0 100
0
50 0 125
57
50 0 150
25
50 0 175
0
50 0 200
18
50 0 225
58
50 25 0
0
50 25 25
0
50 25 50
0
50 25 75
74
50 25 100
0
50 25 125
0
50 25 150
17
50 25 175
67
50 25 200
22
50 25 225
18
50 50 0
0
50 50 25
6
50 50 50
0
50 50 75
0
50 50 100
16
50 50 125
23
50 50 150
0
50 50 175
16
50 50 200
74
50 50 225
19
50 75 0
0
50 75 25
0
50 75 50
73
50 75 75
1
50 75 100
0
50 75 125
0
50 75 150
74
50 75 175
19
50 75 200
0
50 75 225
14
50 100 0
40
50 100 25
0
50 100 50
0
50 100 75
58
50 100 100
7
50 100 125
0
50 100 150
14
50 100 175
63
50 100 200
5
50 100 225
17
50 125 0
59
50 125 25
25
50 125 50
0
50 125 75
16
50 125 100
74
50 125 125
0
50 125 150
0
50 125 175
73
50 125 200
21
50 125 225
14
50 150 0
20
50 150 25
22
50 150 50
0
50 150 75
0
50 150 100
75
50 150 125
27
50 150 150
0
50 150 175
33
50 150 200
39
50 150 225
0
50 175 0
19
50 175 25
75
50 175 50
19
50 175 75
0
50 175 100
32
50 175 125
40
50 175 150
0
50 175 175
38
50 175 200
79
50 175 225
19
50 200 0
18
50 200 25
54
50 200 50
20
50 200 75
0
50 200 100
14
50 200 125
52
50 200 150
1
50 200 175
36
50 200 200
73
50 200 225
38
50 225 0
16
50 225 25
16
50 225 50
22
50 225 75
15
50 225 100
19
50 225 125
75
50 225 150
20
50 225 175
33
50 225 200
73
50 225 225
37
75 0 0
0
75 0 25
0
75 0 50
56
75 0 75
7
75 0 100
0
75 0 125
0
75 0 150
53
75 0 175
63
75 0 200
9
75 0 225
16
75 25 0
37
75 25 25
47
75 25 50
0
75 25 75
0
75 25 100
57
75 25 125
21
75 25 150
0
75 25 175
16
75 25 200
75
75 25 225
17
75 50 0
0
75 50 25
0
75 50 50
74
75 50 75
0
75 50 100
0
75 50 125
16
75 50 150
77
75 50 175
7
75 50 200
8
75 50 225
50
75 75 0
63
75 75 25
0
75 75 50
0
75 75 75
10
75 75 100
83
75 75 125
0
75 75 150
0
75 75 175
74
75 75 200
19
75 75 225
0
75 100 0
0
75 100 25
75
75 100 50
0
75 100 75
0
75 100 100
28
75 100 125
67
75 100 150
0
75 100 175
18
75 100 200
73
75 100 225
18
75 125 0
0
75 125 25
54
75 125 50
28
75 125 75
0
75 125 100
0
75 125 125
74
75 125 150
2
75 125 175
0
75 125 200
73
75 125 225
39
75 150 0
0
75 150 25
16
75 150 50
74
75 150 75
6
75 150 100
0
75 150 125
65
75 150 150
42
75 150 175
0
75 150 200
37
75 150 225
70
75 175 0
15
75 175 25
0
75 175 50
52
75 175 75
28
75 175 100
0
75 175 125
31
75 175 150
72
75 175 175
2
75 175 200
32
75 175 225
71
75 200 0
19
75 200 25
0
75 200 50
19
75 200 75
73
75 200 100
13
75 200 125
19
75 200 150
71
75 200 175
42
75 200 200
30
75 200 225
73
75 225 0
20
75 225 25
1
75 225 50
19
75 225 75
73
75 225 100
19
75 225 125
19
75 225 150
71
75 225 175
38
75 225 200
12
75 225 225
70
100 0 0
37
100 0 25
0
100 0 50
0
100 0 75
50
100 0 100
55
100 0 125
0
100 0 150
0
100 0 175
54
100 0 200
20
100 0 225
0
100 25 0
0
100 25 25
79
100 25 50
0
100 25 75
0
100 25 100
56
100 25 125
62
100 25 150
0
100 25 175
16
100 25 200
58
100 25 225
17
100 50 0
0
100 50 25
50
100 50 50
29
100 50 75
0
100 50 100
0
100 50 125
73
100 50 150
0
100 50 175
0
100 50 200
71
100 50 225
20
100 75 0
0
100 75 25
0
100 75 50
72
100 75 75
0
100 75 100
0
100 75 125
70
100 75 150
63
100 75 175
0
100 75 200
16
100 75 225
73
100 100 0
0
100 100 25
0
100 100 50
72
100 100 75
3
100 100 100
0
100 100 125
73
100 100 150
31
100 100 175
0
100 100 200
71
100 100 225
82
100 125 0
0
100 125 25
7
100 125 50
73
100 125 75
0
100 125 100
0
100 125 125
72
100 125 150
7
100 125 175
0
100 125 200
73
100 125 225
22
100 150 0
0
100 150 25
53
100 150 50
59
100 150 75
0
100 150 100
16
100 150 125
72
100 150 150
0
100 150 175
36
100 150 200
73
100 150 225
23
100 175 0
18
100 175 25
74
100 175 50
25
100 175 75
0
100 175 100
72
100 175 125
23
100 175 150
0
100 175 175
72
100 175 200
38
100 175 225
16
100 200 0
56
100 200 25
56
100 200 50
0
100 200 75
13
100 200 100
71
100 200 125
0
100 200 150
32
100 200 175
72
100 200 200
1
100 200 225
37
100 225 0
56
100 225 25
20
100 225 50
18
100 225 75
71
100 225 100
20
100 225 125
18
100 225 150
71
100 225 175
39
100 225 200
35
100 225 225
69
125 0 0
45
125 0 25
0
125 0 50
0
125 0 75
52
125 0 100
33
125 0 125
0
125 0 150
53
125 0 175
53
125 0 200
23
125 0 225
16
125 25 0
38
125 25 25
37
125 25 50
0
125 25 75
0
125 25 100
75
125 25 125
0
125 25 150
0
125 25 175
55
125 25 200
59
125 25 225
0
125 50 0
22
125 50 25
73
125 50 50
0
125 50 75
0
125 50 100
52
125 50 125
56
125 50 150
0
125 50 175
54
125 50 200
63
125 50 225
22
125 75 0
0
125 75 25
54
125 75 50
39
125 75 75
0
125 75 100
32
125 75 125
73
125 75 150
0
125 75 175
16
125 75 200
72
125 75 225
20
125 100 0
0
125 100 25
56
125 100 50
61
125 100 75
0
125 100 100
46
125 100 125
72
125 100 150
0
125 100 175
49
125 100 200
72
125 100 225
3
125 125 0
0
125 125 25
71
125 125 50
1
125 125 75
0
125 125 100
72
125 125 125
61
125 125 150
0
125 125 175
71
125 125 200
79
125 125 225
5
125 150 0
56
125 150 25
56
125 150 50
0
125 150 75
10
125 150 100
72
125 150 125
0
125 150 150
16
125 150 175
71
125 150 200
23
125 150 225
32
125 175 0
55
125 175 25
25
125 175 50
0
125 175 75
71
125 175 100
41
125 175 125
0
125 175 150
70
125 175 175
77
125 175 200
0
125 175 225
71
125 200 0
55
125 200 25
0
125 200 50
24
125 200 75
72
125 200 100
6
125 200 125
19
125 200 150
71
125 200 175
27
125 200 200
36
125 200 225
70
125 225 0
19
125 225 25
18
125 225 50
70
125 225 75
25
125 225 100
18
125 225 125
69
125 225 150
45
125 225 175
17
125 225 200
70
125 225 225
38
150 0 0
0
150 0 25
34
150 0 50
54
150 0 75
43
150 0 100
0
150 0 125
52
150 0 150
54
150 0 175
0
150 0 200
17
150 0 225
53
150 25 0
37
150 25 25
0
150 25 50
35
150 25 75
74
150 25 100
1
150 25 125
0
150 25 150
52
150 25 175
54
150 25 200
0
150 25 225
54
150 50 0
59
150 50 25
1
150 50 50
0
150 50 75
49
150 50 100
44
150 50 125
0
150 50 150
53
150 50 175
58
150 50 200
1
150 50 225
18
150 75 0
55
150 75 25
38
150 75 50
0
150 75 75
38
150 75 100
71
150 75 125
0
150 75 150
0
150 75 175
71
150 75 200
53
150 75 225
16
150 100 0
55
150 100 25
49
150 100 50
0
150 100 75
32
150 100 100
72
150 100 125
0
150 100 150
52
150 100 175
70
150 100 200
1
150 100 225
52
150 125 0
56
150 125 25
0
150 125 50
0
150 125 75
70
150 125 100
47
150 125 125
0
150 125 150
71
150 125 175
70
150 125 200
0
150 125 225
69
150 150 0
54
150 150 25
0
150 150 50
53
150 150 75
70
150 150 100
0
150 150 125
40
150 150 150
69
150 150 175
1
150 150 200
20
150 150 225
70
150 175 0
27
150 175 25
0
150 175 50
66
150 175 75
56
150 175 100
0
150 175 125
70
150 175 150
68
150 175 175
0
150 175 200
68
150 175 225
69
150 200 0
0
150 200 25
54
150 200 50
72
150 200 75
26
150 200 100
48
150 200 125
70
150 200 150
14
150 200 175
65
150 200 200
69
150 200 225
23
150 225 0
12
150 225 25
67
150 225 50
27
150 225 75
17
150 225 100
69
150 225 125
53
150 225 150
19
150 225 175
67
150 225 200
49
150 225 225
34
175 0 0
36
175 0 25
35
175 0 50
1
175 0 75
0
175 0 100
52
175 0 125
52
175 0 150
0
175 0 175
51
175 0 200
52
175 0 225
51
175 25 0
0
175 25 25
36
175 25 50
43
175 25 75
1
175 25 100
32
175 25 125
69
175 25 150
46
175 25 175
0
175 25 200
52
175 25 225
52
175 50 0
0
175 50 25
36
175 50 50
69
175 50 75
37
175 50 100
0
175 50 125
50
175 50 150
52
175 50 175
0
175 50 200
51
175 50 225
62
175 75 0
6
175 75 25
0
175 75 50
49
175 75 75
41
175 75 100
0
175 75 125
46
175 75 150
69
175 75 175
3
175 75 200
44
175 75 225
68
175 100 0
37
175 100 25
0
175 100 50
55
175 100 75
60
175 100 100
0
175 100 125
64
175 100 150
70
175 100 175
0
175 100 200
50
175 100 225
68
175 125 0
1
175 125 25
34
175 125 50
70
175 125 75
43
175 125 100
4
175 125 125
69
175 125 150
51
175 125 175
0
175 125 200
69
175 125 225
53
175 150 0
0
175 150 25
54
175 150 50
53
175 150 75
0
175 150 100
50
175 150 125
70
175 150 150
0
175 150 175
68
175 150 200
67
175 150 225
25
175 175 0
51
175 175 25
71
175 175 50
63
175 175 75
0
175 175 100
68
175 175 125
55
175 175 150
0
175 175 175
68
175 175 200
67
175 175 225
15
175 200 0
52
175 200 25
53
175 200 50
0
175 200 75
53
175 200 100
68
175 200 125
0
175 200 150
68
175 200 175
67
175 200 200
2
175 200 225
66
175 225 0
53
175 225 25
33
175 225 50
33
175 225 75
66
175 225 100
53
175 225 125
10
175 225 150
68
175 225 175
71
175 225 200
28
175 225 225
66
200 0 0
33
200 0 25
0
200 0 50
34
200 0 75
51
200 0 100
35
200 0 125
0
200 0 150
51
200 0 175
51
200 0 200
39
200 0 225
50
200 25 0
30
200 25 25
35
200 25 50
0
200 25 75
36
200 25 100
52
200 25 125
26
200 25 150
29
200 25 175
71
200 25 200
50
200 25 225
48
200 50 0
30
200 50 25
36
200 50 50
0
200 50 75
36
200 50 100
68
200 50 125
35
200 50 150
33
200 50 175
68
200 50 200
51
200 50 225
8
200 75 0
32
200 75 25
53
200 75 50
43
200 75 75
33
200 75 100
69
200 75 125
35
200 75 150
0
200 75 175
66
200 75 200
53
200 75 225
0
200 100 0
33
200 100 25
54
200 100 50
43
200 100 75
33
200 100 100
68
200 100 125
39
200 100 150
37
200 100 175
66
200 100 200
62
200 100 225
50
200 125 0
52
200 125 25
35
200 125 50
21
200 125 75
68
200 125 100
38
200 125 125
0
200 125 150
67
200 125 175
63
200 125 200
0
200 125 225
68
200 150 0
51
200 150 25
0
200 150 50
51
200 150 75
68
200 150 100
2
200 150 125
48
200 150 150
66
200 150 175
15
200 150 200
64
200 150 225
67
200 175 0
43
200 175 25
46
200 175 50
66
200 175 75
52
200 175 100
24
200 175 125
66
200 175 150
71
200 175 175
24
200 175 200
67
200 175 225
65
200 200 0
0
200 200 25
51
200 200 50
53
200 200 75
0
200 200 100
49
200 200 125
65
200 200 150
1
200 200 175
65
200 200 200
66
200 200 225
22
200 225 0
51
200 225 25
69
200 225 50
51
200 225 75
49
200 225 100
66
200 225 125
52
200 225 150
49
200 225 175
66
200 225 200
64
200 225 225
64
225 0 0
31
225 0 25
33
225 0 50
39
225 0 75
33
225 0 100
48
225 0 125
38
225 0 150
0
225 0 175
50
225 0 200
48
225 0 225
50
225 25 0
32
225 25 25
28
225 25 50
33
225 25 75
1
225 25 100
32
225 25 125
51
225 25 150
35
225 25 175
49
225 25 200
69
225 25 225
49
225 50 0
31
225 50 25
32
225 50 50
36
225 50 75
14
225 50 100
34
225 50 125
69
225 50 150
35
225 50 175
47
225 50 200
67
225 50 225
49
225 75 0
19
225 75 25
32
225 75 50
58
225 75 75
39
225 75 100
34
225 75 125
66
225 75 150
35
225 75 175
32
225 75 200
66
225 75 225
50
225 100 0
12
225 100 25
51
225 100 50
55
225 100 75
1
225 100 100
32
225 100 125
67
225 100 150
1
225 100 175
47
225 100 200
65
225 100 225
11
225 125 0
28
225 125 25
62
225 125 50
33
225 125 75
34
225 125 100
65
225 125 125
34
225 125 150
32
225 125 175
65
225 125 200
49
225 125 225
48
225 150 0
50
225 150 25
55
225 150 50
31
225 150 75
64
225 150 100
52
225 150 125
26
225 150 150
66
225 150 175
65
225 150 200
26
225 150 225
64
225 175 0
51
225 175 25
0
225 175 50
51
225 175 75
67
225 175 100
15
225 175 125
62
225 175 150
66
225 175 175
7
225 175 200
65
225 175 225
64
225 200 0
54
225 200 25
49
225 200 50
65
225 200 75
50
225 200 100
48
225 200 125
65
225 200 150
52
225 200 175
53
225 200 200
64
225 200 225
65
225 225 0
48
225 225 25
48
225 225 50
49
225 225 75
0
225 225 100
63
225 225 125
65
225 225 150
0
225 225 175
65
225 225 200
63
225 225 225
0
