55 
255 0 255
272
250 0 255
171
246 0 255
269
242 0 255
272
238 0 255
274
233 0 255
130
229 0 255
275
225 0 255
276
221 0 255
277
216 0 255
134
212 0 255
276
208 0 255
277
204 0 255
278
199 0 255
134
195 0 255
278
191 0 255
278
187 0 255
280
182 0 255
134
178 0 255
279
174 0 255
279
170 0 255
280
165 0 255
133
161 0 255
207
157 0 255
280
153 0 255
281
148 0 255
132
144 0 255
135
140 0 255
280
136 0 255
282
131 0 255
133
127 0 255
133
123 0 255
280
119 0 255
282
114 0 255
131
110 0 255
132
106 0 255
280
102 0 255
282
97 0 255
131
93 0 255
131
89 0 255
281
85 0 255
131
80 0 255
131
76 0 255
133
72 0 255
282
68 0 255
130
63 0 255
130
59 0 255
285
55 0 255
130
51 0 255
131
46 0 255
131
42 0 255
283
38 0 255
131
34 0 255
132
29 0 255
133
25 0 255
133
21 0 255
133
17 0 255
133
12 0 255
140
8 0 255
134
4 0 255
134
0 0 255
134
0 5 255
134
0 10 255
134
0 15 255
134
0 20 255
237
0 25 255
133
0 30 255
134
0 35 255
134
0 40 255
132
0 45 255
135
0 51 255
134
0 56 255
239
0 61 255
134
0 66 255
133
0 71 255
134
0 76 255
237
0 81 255
133
0 86 255
133
0 91 255
239
0 96 255
237
0 102 255
134
0 107 255
134
0 112 255
237
0 117 255
237
0 122 255
134
0 127 255
134
0 132 255
236
0 137 255
236
0 142 255
133
0 147 255
133
0 153 255
235
0 158 255
235
0 163 255
131
0 168 255
134
0 173 255
235
0 178 255
234
0 183 255
233
0 188 255
134
0 193 255
233
0 198 255
233
0 204 255
232
0 209 255
134
0 214 255
231
0 219 255
232
0 224 255
232
0 229 255
143
0 234 255
231
0 239 255
232
0 244 255
231
0 249 255
231
0 255 255
231
0 255 242
230
0 255 229
230
0 255 216
154
0 255 204
230
0 255 191
231
0 255 178
231
0 255 165
154
0 255 153
229
0 255 140
232
0 255 127
231
0 255 114
153
0 255 102
153
0 255 89
232
0 255 76
152
0 255 63
152
0 255 51
152
0 255 38
229
0 255 25
152
0 255 12
153
0 1 0
47
3 1 0
46
7 1 0
47
10 1 0
46
14 1 0
47
18 1 0
47
21 1 0
47
25 1 0
47
29 1 0
75
32 1 0
47
36 1 0
46
40 1 0
199
43 1 0
46
47 1 0
46
51 1 0
194
54 1 0
46
58 1 0
47
61 1 0
40
65 1 0
47
69 1 0
125
72 1 0
46
76 1 0
46
80 1 0
198
83 1 0
46
87 1 0
46
91 1 0
202
94 1 0
45
98 1 0
46
102 1 0
196
105 1 0
45
109 1 0
46
112 1 0
200
116 1 0
46
120 1 0
46
123 1 0
196
127 1 0
38
131 1 0
47
134 1 0
195
138 1 0
195
142 1 0
47
145 1 0
193
149 1 0
194
153 1 0
46
156 1 0
192
160 1 0
192
163 1 0
46
167 1 0
191
171 1 0
192
174 1 0
40
178 1 0
191
182 1 0
205
185 1 0
192
189 1 0
58
193 1 0
189
196 1 0
190
200 1 0
49
204 1 0
188
207 1 0
189
211 1 0
46
214 1 0
188
218 1 0
188
222 1 0
65
225 1 0
188
229 1 0
188
233 1 0
188
236 1 0
187
240 1 0
202
244 1 0
187
247 1 0
187
251 1 0
187
255 255 0
279
255 251 0
279
255 247 0
279
255 243 0
278
255 239 0
278
255 235 0
278
255 231 0
279
255 227 0
278
255 223 0
277
255 219 0
277
255 215 0
188
255 211 0
276
255 207 0
276
255 204 0
276
255 200 0
183
255 196 0
275
255 192 0
275
255 188 0
275
255 184 0
183
255 180 0
275
255 176 0
275
255 172 0
276
255 168 0
183
255 164 0
198
255 160 0
275
255 156 0
275
255 153 0
183
255 149 0
183
255 145 0
275
255 141 0
275
255 137 0
182
255 133 0
183
255 129 0
276
255 125 0
275
255 121 0
182
255 117 0
182
255 113 0
229
255 109 0
275
255 105 0
180
255 102 0
181
255 98 0
183
255 94 0
275
255 90 0
182
255 86 0
182
255 82 0
262
255 78 0
274
255 74 0
182
255 70 0
183
255 66 0
276
255 62 0
182
255 58 0
182
255 54 0
182
255 51 0
276
255 47 0
182
255 43 0
182
255 39 0
183
255 35 0
209
255 31 0
182
255 27 0
183
255 23 0
183
255 19 0
182
255 15 0
182
255 11 0
182
255 7 0
225
255 3 0
182
255 0 0
181
255 0 0
181
255 0 0
181
255 0 0
181
255 0 0
182
255 0 0
183
255 0 255
255
250 0 255
255
246 0 255
255
242 0 255
255
238 0 255
243
233 0 255
254
229 0 255
254
225 0 255
254
221 0 255
166
216 0 255
254
212 0 255
254
208 0 255
255
204 0 255
128
199 0 255
254
195 0 255
254
191 0 255
255
187 0 255
130
182 0 255
255
178 0 255
254
174 0 255
255
170 0 255
129
165 0 255
137
161 0 255
255
157 0 255
256
153 0 255
130
148 0 255
131
144 0 255
256
140 0 255
258
136 0 255
131
131 0 255
131
127 0 255
257
123 0 255
259
119 0 255
130
114 0 255
130
110 0 255
257
106 0 255
260
102 0 255
130
97 0 255
131
93 0 255
259
89 0 255
128
85 0 255
130
80 0 255
131
76 0 255
260
72 0 255
129
68 0 255
129
63 0 255
139
59 0 255
123
55 0 255
129
51 0 255
129
46 0 255
262
42 0 255
130
38 0 255
130
34 0 255
131
29 0 255
124
25 0 255
130
21 0 255
130
17 0 255
131
12 0 255
130
8 0 255
130
4 0 255
129
0 0 255
130
0 5 255
130
0 10 255
130
0 15 255
143
0 20 255
130
0 25 255
130
0 30 255
130
0 35 255
218
0 40 255
130
0 45 255
129
0 51 255
137
0 56 255
128
0 61 255
129
0 66 255
129
0 71 255
229
0 76 255
129
0 81 255
130
0 86 255
135
0 91 255
229
0 96 255
130
0 102 255
130
0 107 255
229
0 112 255
229
0 117 255
130
0 122 255
131
0 127 255
228
0 132 255
228
0 137 255
129
0 142 255
131
0 147 255
228
0 153 255
228
0 158 255
126
0 163 255
130
0 168 255
227
0 173 255
227
0 178 255
225
0 183 255
130
0 188 255
226
0 193 255
225
0 198 255
224
0 204 255
130
0 209 255
225
0 214 255
224
0 219 255
224
0 224 255
131
0 229 255
223
0 234 255
222
0 239 255
222
0 244 255
145
0 249 255
221
0 255 255
220
0 255 242
220
0 255 229
146
0 255 216
221
0 255 204
222
0 255 191
222
0 255 178
147
0 255 165
223
0 255 153
222
0 255 140
223
0 255 127
147
0 255 114
147
0 255 102
223
0 255 89
144
0 255 76
147
0 255 63
148
0 255 51
226
0 255 38
148
0 255 25
149
0 255 12
149
0 1 0
46
3 1 0
46
7 1 0
197
10 1 0
46
14 1 0
46
18 1 0
40
21 1 0
46
25 1 0
46
29 1 0
46
32 1 0
46
36 1 0
48
40 1 0
46
43 1 0
46
47 1 0
195
51 1 0
46
54 1 0
46
58 1 0
194
61 1 0
46
65 1 0
46
69 1 0
192
72 1 0
46
76 1 0
49
80 1 0
38
83 1 0
46
87 1 0
191
91 1 0
45
94 1 0
45
98 1 0
192
102 1 0
46
105 1 0
46
109 1 0
191
112 1 0
38
116 1 0
47
120 1 0
191
123 1 0
190
127 1 0
47
131 1 0
190
134 1 0
192
138 1 0
47
142 1 0
189
145 1 0
190
149 1 0
46
153 1 0
191
156 1 0
189
160 1 0
40
163 1 0
99
167 1 0
190
171 1 0
178
174 1 0
52
178 1 0
188
182 1 0
189
185 1 0
49
189 1 0
186
193 1 0
187
196 1 0
48
200 1 0
185
204 1 0
186
207 1 0
47
211 1 0
185
214 1 0
186
218 1 0
182
222 1 0
185
225 1 0
205
229 1 0
186
233 1 0
184
236 1 0
184
240 1 0
184
244 1 0
189
247 1 0
183
251 1 0
183
255 255 0
274
255 251 0
273
255 247 0
273
255 243 0
272
255 239 0
272
255 235 0
273
255 231 0
271
255 227 0
271
255 223 0
270
255 219 0
183
255 215 0
269
255 211 0
269
255 207 0
269
255 204 0
179
255 200 0
270
255 196 0
270
255 192 0
269
255 188 0
179
255 184 0
270
255 180 0
269
255 176 0
269
255 172 0
178
255 168 0
189
255 164 0
269
255 160 0
269
255 156 0
178
255 153 0
178
255 149 0
269
255 145 0
269
255 141 0
178
255 137 0
177
255 133 0
268
255 129 0
268
255 125 0
176
255 121 0
177
255 117 0
210
255 113 0
268
255 109 0
176
255 105 0
177
255 102 0
178
255 98 0
269
255 94 0
178
255 90 0
177
255 86 0
181
255 82 0
270
255 78 0
178
255 74 0
177
255 70 0
272
255 66 0
174
255 62 0
177
255 58 0
178
255 54 0
271
255 51 0
178
255 47 0
178
255 43 0
178
255 39 0
270
255 35 0
177
255 31 0
177
255 27 0
177
255 23 0
177
255 19 0
177
255 15 0
177
255 11 0
178
255 7 0
177
255 3 0
178
255 0 0
178
255 0 0
178
255 0 0
178
255 0 0
178
255 0 0
179
255 0 0
178
255 0 255
251
250 0 255
250
246 0 255
250
242 0 255
250
238 0 255
248
233 0 255
249
229 0 255
250
225 0 255
250
221 0 255
249
216 0 255
250
212 0 255
250
208 0 255
249
204 0 255
252
199 0 255
249
195 0 255
249
191 0 255
241
187 0 255
136
182 0 255
249
178 0 255
251
174 0 255
146
170 0 255
131
165 0 255
251
161 0 255
252
157 0 255
128
153 0 255
130
148 0 255
251
144 0 255
252
140 0 255
128
136 0 255
129
131 0 255
251
127 0 255
252
123 0 255
128
119 0 255
129
114 0 255
254
110 0 255
252
106 0 255
127
102 0 255
127
97 0 255
254
93 0 255
253
89 0 255
125
85 0 255
125
80 0 255
251
76 0 255
126
72 0 255
126
68 0 255
127
63 0 255
255
59 0 255
127
55 0 255
126
51 0 255
160
46 0 255
127
42 0 255
128
38 0 255
128
34 0 255
258
29 0 255
128
25 0 255
128
21 0 255
129
17 0 255
129
12 0 255
129
8 0 255
129
4 0 255
171
0 0 255
129
0 5 255
129
0 10 255
129
0 15 255
128
0 20 255
128
0 25 255
128
0 30 255
227
0 35 255
128
0 40 255
128
0 45 255
129
0 51 255
203
0 56 255
129
0 61 255
129
0 66 255
229
0 71 255
129
0 76 255
129
0 81 255
130
0 86 255
227
0 91 255
129
0 96 255
129
0 102 255
230
0 107 255
227
0 112 255
129
0 117 255
130
0 122 255
229
0 127 255
226
0 132 255
128
0 137 255
130
0 142 255
225
0 147 255
225
0 153 255
216
0 158 255
129
0 163 255
224
0 168 255
224
0 173 255
224
0 178 255
129
0 183 255
224
0 188 255
225
0 193 255
224
0 198 255
130
0 204 255
224
0 209 255
224
0 214 255
224
0 219 255
130
0 224 255
223
0 229 255
223
0 234 255
223
0 239 255
176
0 244 255
222
0 249 255
223
0 255 255
222
0 255 242
217
0 255 229
221
0 255 216
222
0 255 204
222
0 255 191
147
0 255 178
225
0 255 165
222
0 255 153
222
0 255 140
147
0 255 127
148
0 255 114
224
0 255 102
224
0 255 89
148
0 255 76
148
0 255 63
225
0 255 51
148
0 255 38
148
0 255 25
148
0 255 12
144
0 1 0
45
3 1 0
46
7 1 0
46
10 1 0
47
14 1 0
50
18 1 0
47
21 1 0
47
25 1 0
192
29 1 0
45
32 1 0
46
36 1 0
163
40 1 0
45
43 1 0
46
47 1 0
38
51 1 0
45
54 1 0
49
58 1 0
45
61 1 0
45
65 1 0
190
69 1 0
45
72 1 0
46
76 1 0
205
80 1 0
46
83 1 0
47
87 1 0
192
91 1 0
46
94 1 0
49
98 1 0
191
102 1 0
46
105 1 0
52
109 1 0
190
112 1 0
46
116 1 0
49
120 1 0
188
123 1 0
46
127 1 0
49
131 1 0
188
134 1 0
46
138 1 0
49
142 1 0
201
145 1 0
38
149 1 0
48
153 1 0
187
156 1 0
177
160 1 0
47
163 1 0
184
167 1 0
186
171 1 0
46
174 1 0
183
178 1 0
184
182 1 0
46
185 1 0
183
189 1 0
184
193 1 0
44
196 1 0
183
200 1 0
183
204 1 0
181
207 1 0
181
211 1 0
184
214 1 0
182
218 1 0
186
222 1 0
180
225 1 0
180
229 1 0
46
233 1 0
179
236 1 0
179
240 1 0
176
244 1 0
178
247 1 0
176
251 1 0
177
255 255 0
267
255 251 0
267
255 247 0
266
255 243 0
265
255 239 0
266
255 235 0
264
255 231 0
264
255 227 0
264
255 223 0
175
255 219 0
262
255 215 0
263
255 211 0
265
255 207 0
176
255 204 0
264
255 200 0
264
255 196 0
264
255 192 0
174
255 188 0
263
255 184 0
263
255 180 0
263
255 176 0
172
255 172 0
175
255 168 0
261
255 164 0
261
255 160 0
167
255 156 0
169
255 153 0
259
255 149 0
259
255 145 0
165
255 141 0
168
255 137 0
259
255 133 0
260
255 129 0
196
255 125 0
170
255 121 0
177
255 117 0
261
255 113 0
230
255 109 0
171
255 105 0
171
255 102 0
262
255 98 0
167
255 94 0
169
255 90 0
170
255 86 0
261
255 82 0
170
255 78 0
170
255 74 0
173
255 70 0
261
255 66 0
169
255 62 0
170
255 58 0
226
255 54 0
171
255 51 0
171
255 47 0
171
255 43 0
263
255 39 0
170
255 35 0
171
255 31 0
171
255 27 0
241
255 23 0
171
255 19 0
172
255 15 0
173
255 11 0
173
255 7 0
173
255 3 0
173
255 0 0
173
255 0 0
173
255 0 0
173
255 0 0
174
255 0 0
174
255 0 0
175
255 0 255
246
250 0 255
247
246 0 255
246
242 0 255
245
238 0 255
245
233 0 255
245
229 0 255
245
225 0 255
245
221 0 255
244
216 0 255
244
212 0 255
245
208 0 255
247
204 0 255
245
199 0 255
246
195 0 255
234
191 0 255
152
187 0 255
247
182 0 255
248
178 0 255
145
174 0 255
131
170 0 255
247
165 0 255
248
161 0 255
128
157 0 255
129
153 0 255
247
148 0 255
249
144 0 255
128
140 0 255
129
136 0 255
248
131 0 255
250
127 0 255
128
123 0 255
128
119 0 255
249
114 0 255
250
110 0 255
127
106 0 255
128
102 0 255
167
97 0 255
253
93 0 255
128
89 0 255
128
85 0 255
252
80 0 255
128
76 0 255
129
72 0 255
129
68 0 255
254
63 0 255
128
59 0 255
128
55 0 255
130
51 0 255
128
46 0 255
128
42 0 255
128
38 0 255
259
34 0 255
127
29 0 255
128
25 0 255
128
21 0 255
120
17 0 255
126
12 0 255
126
8 0 255
127
4 0 255
126
0 0 255
126
0 5 255
126
0 10 255
127
0 15 255
127
0 20 255
128
0 25 255
137
0 30 255
128
0 35 255
128
0 40 255
128
0 45 255
226
0 51 255
128
0 56 255
128
0 61 255
135
0 66 255
167
0 71 255
127
0 76 255
128
0 81 255
225
0 86 255
128
0 91 255
128
0 96 255
132
0 102 255
224
0 107 255
127
0 112 255
127
0 117 255
175
0 122 255
223
0 127 255
123
0 132 255
127
0 137 255
223
0 142 255
223
0 147 255
220
0 153 255
127
0 158 255
223
0 163 255
223
0 168 255
222
0 173 255
128
0 178 255
222
0 183 255
222
0 188 255
222
0 193 255
128
0 198 255
221
0 204 255
221
0 209 255
221
0 214 255
128
0 219 255
221
0 224 255
220
0 229 255
220
0 234 255
206
0 239 255
220
0 244 255
219
0 249 255
219
0 255 255
219
0 255 242
219
0 255 229
219
0 255 216
220
0 255 204
160
0 255 191
222
0 255 178
220
0 255 165
221
0 255 153
146
0 255 140
147
0 255 127
221
0 255 114
221
0 255 102
146
0 255 89
146
0 255 76
223
0 255 63
146
0 255 51
146
0 255 38
146
0 255 25
223
0 255 12
145
0 1 0
44
3 1 0
39
7 1 0
44
10 1 0
44
14 1 0
45
18 1 0
46
21 1 0
47
25 1 0
46
29 1 0
46
32 1 0
191
36 1 0
46
40 1 0
47
43 1 0
191
47 1 0
47
51 1 0
47
54 1 0
163
58 1 0
47
61 1 0
49
65 1 0
44
69 1 0
47
72 1 0
191
76 1 0
47
80 1 0
47
83 1 0
190
87 1 0
47
91 1 0
47
94 1 0
190
98 1 0
47
102 1 0
48
105 1 0
189
109 1 0
47
112 1 0
48
116 1 0
194
120 1 0
46
123 1 0
47
127 1 0
188
131 1 0
38
134 1 0
47
138 1 0
186
142 1 0
182
145 1 0
46
149 1 0
185
153 1 0
186
156 1 0
47
160 1 0
184
163 1 0
186
167 1 0
47
171 1 0
184
174 1 0
185
178 1 0
41
182 1 0
183
185 1 0
183
189 1 0
184
193 1 0
146
196 1 0
182
200 1 0
183
204 1 0
50
207 1 0
181
211 1 0
182
214 1 0
49
218 1 0
180
222 1 0
181
225 1 0
175
229 1 0
179
233 1 0
178
236 1 0
178
240 1 0
177
244 1 0
178
247 1 0
177
251 1 0
177
255 255 0
267
255 251 0
266
255 247 0
266
255 243 0
198
255 239 0
265
255 235 0
265
255 231 0
264
255 227 0
173
255 223 0
264
255 219 0
263
255 215 0
263
255 211 0
170
255 207 0
263
255 204 0
263
255 200 0
263
255 196 0
186
255 192 0
265
255 188 0
262
255 184 0
262
255 180 0
208
255 176 0
173
255 172 0
261
255 168 0
261
255 164 0
242
255 160 0
172
255 156 0
262
255 153 0
262
255 149 0
256
255 145 0
173
255 141 0
265
255 137 0
262
255 133 0
260
255 129 0
172
255 125 0
173
255 121 0
262
255 117 0
261
255 113 0
172
255 109 0
173
255 105 0
263
255 102 0
262
255 98 0
172
255 94 0
172
255 90 0
262
255 86 0
171
255 82 0
172
255 78 0
172
255 74 0
262
255 70 0
171
255 66 0
171
255 62 0
173
255 58 0
254
255 54 0
173
255 51 0
173
255 47 0
206
255 43 0
173
255 39 0
173
255 35 0
173
255 31 0
267
255 27 0
172
255 23 0
173
255 19 0
173
255 15 0
170
255 11 0
173
255 7 0
174
255 3 0
174
255 0 0
174
255 0 0
173
255 0 0
173
255 0 0
173
255 0 0
173
255 0 0
173
255 0 255
244
250 0 255
244
246 0 255
243
242 0 255
243
238 0 255
244
233 0 255
244
229 0 255
247
225 0 255
244
221 0 255
245
216 0 255
246
212 0 255
137
208 0 255
244
204 0 255
245
199 0 255
246
195 0 255
130
191 0 255
244
187 0 255
246
182 0 255
248
178 0 255
130
174 0 255
246
170 0 255
246
165 0 255
247
161 0 255
129
157 0 255
245
153 0 255
247
148 0 255
237
144 0 255
128
140 0 255
247
136 0 255
248
131 0 255
123
127 0 255
130
123 0 255
173
119 0 255
250
114 0 255
128
110 0 255
129
106 0 255
131
102 0 255
251
97 0 255
129
93 0 255
129
89 0 255
173
85 0 255
253
80 0 255
129
76 0 255
129
72 0 255
252
68 0 255
129
63 0 255
129
59 0 255
129
55 0 255
254
51 0 255
128
46 0 255
128
42 0 255
130
38 0 255
128
34 0 255
128
29 0 255
128
25 0 255
259
21 0 255
129
17 0 255
128
12 0 255
129
8 0 255
129
4 0 255
129
0 0 255
129
0 5 255
128
0 10 255
129
0 15 255
129
0 20 255
129
0 25 255
128
0 30 255
129
0 35 255
129
0 40 255
227
0 45 255
129
0 51 255
129
0 56 255
129
0 61 255
226
0 66 255
128
0 71 255
128
0 76 255
227
0 81 255
156
0 86 255
128
0 91 255
128
0 96 255
225
0 102 255
128
0 107 255
129
0 112 255
130
0 117 255
226
0 122 255
218
0 127 255
129
0 132 255
134
0 137 255
224
0 142 255
224
0 147 255
129
0 153 255
177
0 158 255
224
0 163 255
224
0 168 255
129
0 173 255
226
0 178 255
223
0 183 255
222
0 188 255
129
0 193 255
222
0 198 255
221
0 204 255
221
0 209 255
155
0 214 255
221
0 219 255
221
0 224 255
221
0 229 255
220
0 234 255
221
0 239 255
221
0 244 255
221
0 249 255
221
0 255 255
221
0 255 242
221
0 255 229
221
0 255 216
220
0 255 204
223
0 255 191
221
0 255 178
222
0 255 165
144
0 255 153
148
0 255 140
222
0 255 127
222
0 255 114
147
0 255 102
147
0 255 89
225
0 255 76
220
0 255 63
146
0 255 51
146
0 255 38
208
0 255 25
146
0 255 12
147
0 1 0
47
3 1 0
47
7 1 0
47
10 1 0
200
14 1 0
47
18 1 0
47
21 1 0
40
25 1 0
47
29 1 0
48
32 1 0
47
36 1 0
47
40 1 0
52
43 1 0
47
47 1 0
47
51 1 0
192
54 1 0
47
58 1 0
48
61 1 0
190
65 1 0
47
69 1 0
48
72 1 0
188
76 1 0
47
80 1 0
51
83 1 0
120
87 1 0
46
91 1 0
187
94 1 0
38
98 1 0
46
102 1 0
186
105 1 0
164
109 1 0
46
112 1 0
185
116 1 0
188
120 1 0
47
123 1 0
191
127 1 0
187
131 1 0
47
134 1 0
55
138 1 0
185
142 1 0
47
145 1 0
54
149 1 0
185
153 1 0
40
156 1 0
55
160 1 0
204
163 1 0
162
167 1 0
50
171 1 0
184
174 1 0
184
178 1 0
48
182 1 0
182
185 1 0
184
189 1 0
47
193 1 0
181
196 1 0
181
200 1 0
47
204 1 0
179
207 1 0
180
211 1 0
174
214 1 0
178
218 1 0
188
222 1 0
179
225 1 0
179
229 1 0
178
233 1 0
179
236 1 0
59
240 1 0
178
244 1 0
178
247 1 0
174
251 1 0
177
255 255 0
267
255 251 0
266
255 247 0
250
255 243 0
264
255 239 0
263
255 235 0
263
255 231 0
252
255 227 0
263
255 223 0
263
255 219 0
262
255 215 0
254
255 211 0
261
255 207 0
261
255 204 0
261
255 200 0
256
255 196 0
185
255 192 0
259
255 188 0
260
255 184 0
259
255 180 0
172
255 176 0
261
255 172 0
261
255 168 0
260
255 164 0
172
255 160 0
261
255 156 0
261
255 153 0
260
255 149 0
171
255 145 0
235
255 141 0
260
255 137 0
260
255 133 0
171
255 129 0
172
255 125 0
260
255 121 0
260
255 117 0
170
255 113 0
170
255 109 0
260
255 105 0
259
255 102 0
169
255 98 0
170
255 94 0
261
255 90 0
248
255 86 0
171
255 82 0
171
255 78 0
262
255 74 0
171
255 70 0
172
255 66 0
172
255 62 0
262
255 58 0
171
255 54 0
171
255 51 0
173
255 47 0
169
255 43 0
171
255 39 0
172
255 35 0
218
255 31 0
172
255 27 0
171
255 23 0
171
255 19 0
258
255 15 0
171
255 11 0
171
255 7 0
171
255 3 0
171
255 0 0
171
255 0 0
171
255 0 0
172
255 0 0
173
255 0 0
172
255 0 0
173
